2.4884332468612103 93.33596804331272 96.32354185380217
56.36004231741404 43.83262688580327 54.33290523546855
60.39915852789147 46.36576625010533 37.95339016704913
85.1506880759051 70.85217596749128 60.81446320644196
66.30029987200533 18.567535432129677 46.71235762825835
71.53868017305986 55.31762040149282 49.995220579481035
15.29405962964695 46.93298712129508 75.59205219624367
52.23657285721677 22.281093261397057 14.885921888893083
30.32473520303197 92.08157237580285 40.874436915422066
5.474934475442527 55.91565761256376 62.87476656140283
94.24455535556802 35.6985461450484 80.53560344745077
2.3424917148314073 85.82608324715741 73.69666996573456
42.87849740239349 54.70327784722241 75.88190605331418
68.943978955142 18.262111503213085 19.899384550406886
63.169873702498705 54.66938535885766 45.801112655620415
68.9663628163148 11.141644392145523 8.47948323372345
53.74920563083805 64.91983749378414 85.33929035469238
77.80540071306028 42.32885992918129 73.91594378285654
81.18599048855809 49.016107608137524 84.10227472924575
23.951360474018312 23.41521097763262 83.52929710008914
30.890900368963734 32.6274539038309 74.36640967913888
34.33056111007644 24.661284151509488 60.0778696563804
15.746583866567843 37.383040083432384 86.54413757951231
55.27088067182711 90.87972698328987 84.33398193546195
27.766993657718896 66.49090689646607 48.50276641965651
89.42658912827906 24.207515372770395 76.92757482802209
79.01614645200704 94.2589913158994 7.544971533388445
10.370698262061362 56.19896430222362 6.4333282768377575
96.59732912113283 35.389483796309406 7.522637641975072
63.18628260324852 30.036683097959937 80.85326310967822
75.97403437074833 33.4235189801838 7.10247797212471
63.50681949929048 51.26295960512799 65.22349564958583
16.82254949811878 50.108551882312454 78.30183371321824
39.33183399835238 98.89851084454253 68.00921747161549
21.496167644906738 19.860227225452043 42.74474114488237
22.609227966069078 83.43558999375188 56.87353770855168
44.42609175683822 37.523226753928085 20.93795344153877
67.48494060060017 53.0450805585698 95.67322223269076
35.38819895115589 63.33436897617769 65.33406340985104
68.3911717583871 54.539473311280986 39.837956705402156
42.20358820535432 35.487774172879604 62.72790542254456
14.754146399414726 12.915811636169582 43.03443811746679
75.30163413954588 84.223749278875 22.892820742914843
92.49683398144893 78.9397935909543 29.504694209857043
4.7892283109041145 5.719751350644053 0.9184901591236416
28.088944104246906 63.67070875095414 90.4411173308643
47.257821399566325 71.37463349852528 26.057944497030196
4.100657097266347 52.118505151564875 95.77999523009056
31.34945164285624 80.56918967090773 73.71033501608495
92.9974867111705 20.043831232181887 60.89798514016379
23.618273827046956 93.07605080378679 11.83334330581819
56.2147880701353 95.99252487735964 14.026715767536391
46.95543054418791 77.69814901485147 25.035792765029463
63.433489334175555 19.72366527315628 10.829405928669711
39.45956041554932 10.850426261839507 49.1331531992943
57.79640118962899 46.29152783674958 56.39445911009426
27.449481399907928 71.0785243864305 88.8462015168137
59.93304381625898 8.283784105205626 51.45606929043062
55.83279510804354 74.60184066925888 49.71435057536567
52.693333662658006 0.8434115190739444 80.40617561318538
94.42846073766572 97.02384238905894 45.973587326193865
33.84561630887571 45.68972237197173 32.54623430651634
94.74126301176268 95.85360151468507 95.28116832165759
49.136583203310295 20.866307467074783 59.730373248155146
91.71061379475691 65.73386138867701 82.85958494417403
14.3454322758094 37.895334945774685 84.43553571602038
68.652987659373 50.98550903153244 55.06551813756533
42.39479260820623 54.736107486605064 65.04183262701554
27.069706569581076 73.23404103858135 34.523859774208674
5.266573218578385 74.49169996152624 82.56620768706505
16.42052493556202 22.671696435122858 79.04288603288866
7.348599428375458 82.79707855633376 23.51006682637644
27.133861416120187 28.036299576267254 99.3399871150226
51.466314218294805 49.63734887818233 36.08539365814535
20.97267699036076 32.4958016962474 23.752148329754963
73.79564891965128 30.59512916849464 25.381267857639745
21.80687140153219 78.15939384288103 87.35042119006546
50.89487502496778 31.03878868918545 23.863483266721964
73.9597535991959 34.460815264754395 5.765993884266363
22.463155870401863 98.52542771219355 16.45590886896575
11.93527617770862 90.92899112394886 71.08282012453809
46.851203893510174 41.47132977942907 71.58255234150171
90.58014077129816 46.27221033521859 69.91076307613078
29.088293511906738 98.43723096513288 52.192085762296315
0.5984594190672765 49.203921430248045 32.24210316886115
67.78519888061805 21.91982259768843 1.3451354364273582
96.211555150701 72.78020896566073 96.49010466161438
42.079461407901995 57.18828294921696 96.48650064212855
62.08523093453764 48.2144216370925 86.61030849515481
97.47743372299931 45.48997874223868 36.57505860292396
98.98511153290804 9.787103563288479 0.19069020935109648
48.56182097184355 26.94217535852911 16.060050298449024
36.512315534657766 39.422069653091185 44.322030629868536
11.709037784575516 57.39812998773861 21.70077081323193
47.47861224560973 41.60839277531957 89.89865431670711
61.957952665142265 65.81939659430248 60.0886904164589
32.68475457445147 46.005944447753556 74.00368342644232
78.6582261786056 46.83214034780847 24.44302786910486
96.20061827931708 38.417831048797204 72.36982205799818
77.22449491591091 36.44561328595209 36.12168653136275
-1 -1 -1